20
i	j	-log10(Probability)
1	10	10.3822
1	15	11.181
1	16	10.2311
1	17	7.77885
1	18	5.16907
1	19	2.90283
1	20	0.626333
2	9	10.0923
2	10	10.826
2	14	10.9197
2	15	10.9151
2	16	8.97768
2	17	5.93621
2	18	2.96027
2	19	0.0736026
2	20	3.25211
3	9	10.7569
3	14	11.0381
3	15	9.31505
3	16	6.06977
3	17	3.56219
3	18	0.00609355
3	19	3.23419
4	14	9.31049
4	15	6.05421
4	16	3.61074
4	17	0.000302571
5	14	6.05463
5	15	3.67568
5	16	0.000320174
5	17	3.47271
6	14	3.754
6	15	0.000366863
6	16	3.31955
6	17	6.13008
7	14	0.000700498
7	15	3.20741
7	16	6.12004
7	17	8.88995
8	14	3.12681
8	15	6.12856
8	16	8.89618
9	13	2.83887
